Gunshots

MFCC Means
---------------
[0.5474433682213227, -0.3065694515425712, 0.25655283413509217, -0.24490500975454538, 0.21657631719500084, -0.21242524097054655, 0.1774866976935106, -0.18385324704368455, 0.1542003584874425, -0.14680839714939065, 0.1390097685648452, -0.10457324023734933, 0.1262795188127784]

[0.727835572245635, -0.571793955502295, 0.12310298560308848, -0.3395307119665346, 0.1661565071080443, -0.3087076094430379, 0.17567345526747805, -0.22271889524596028, 0.1653812691137006, -0.21617931301758533, 0.15776798000992293, -0.15528980989587743, 0.13133376122536292]

[1.0077062084782809, -0.3984823901564839, -0.08887950850421572, -0.15867129271821354, 0.29890649627774635, -0.14155408782687756, 0.12563323001202972, -0.11694492221770081, 0.11094454622872293, -0.10460431778673979, 0.09395040861934169, -0.08000761931133332, 0.07983477952900059]

[1.0092935688527567, -0.6210986641814111, 0.20978637750590254, -0.20761741728844377, 0.1430826057618128, -0.09575104780482693, 0.07140058958394994, -0.09315358060690493, 0.06304680468928162, -0.07888985632919499, 0.04241814779438388, -0.06312371927133822, 0.03929560634270325]

[1.1306673865765333, -0.6778367717930099, 0.4658060943495417, -0.2585260197250918, 0.2448129596989275, -0.1944623546824962, 0.02815448195191525, -0.18388502045257937, 0.012288996703685834, -0.13622652309979394, 0.06918219723350678, -0.12709286283700894, 0.13350964676621452]

[0.8455542325973511, -0.7132915386723148, 0.3667576072427134, -0.24300742211441198, 0.2565931728523638, -0.15799364253568152, 0.15337272871854818, -0.12813423134664642, 0.1668709180036482, -0.09715023304549202, 0.10084258548967126, -0.10318610872814639, 0.09961384050095351]

[1.0375553351991318, -0.018066500655978042, 0.0952985466677038, 0.11289173196864259, 0.2381245868609232, -0.04064071202746538, 0.13440547305542758, 0.009781246278982829, 0.1490359584636548, -0.018428065108737963, 0.10224083895959399, -0.02456464313539019, 0.08475412526304889]

[0.9695740052997529, -0.5693935650182048, 0.3254887098442263, -0.19989050325455412, 0.21319131284315868, -0.13562964640949146, 0.08718513878642484, -0.13469117787406695, 0.07187443297063908, -0.10497007131346074, 0.06251369912403326, -0.0869046547932189, 0.07509788867674604]

MFCC stdevs
---------------
[0.3724716132985012, 0.2534016134119355, 0.24129659128793426, 0.2218340260016761, 0.18095823928803864, 0.19607815710603282, 0.1541433957466129, 0.1630912840407144, 0.14671923246124485, 0.14944107477583837, 0.1331602435049281, 0.1279786811932801, 0.1114734775495876]


[0.32488764840914164, 0.35049337764563765, 0.3186233538011819, 0.2727621530673733, 0.1977527434567515, 0.25204119203032177, 0.16990125013336227, 0.1917869463673424, 0.13644088779166066, 0.16908759790053046, 0.1284110709459919, 0.11544105063976443, 0.11675150577199706]


[0.31941151468328666, 0.28266317868581126, 0.36873705609219687, 0.17519319523101412, 0.16410256429033535, 0.13150526939444118, 0.15015267016222097, 0.12243749665678266, 0.10298744278566793, 0.12296109365095313, 0.11362645001289552, 0.09696540618336098, 0.09259830229092612]


[0.47404586246214947, 0.39028398543256476, 0.3643773492669304, 0.18852702656019488, 0.20912123552633377, 0.1536084121756187, 0.15899961720767727, 0.14406650228551587, 0.12408131646131623, 0.10808236928561019, 0.08993585569922845, 0.08805382850390016, 0.08211018688784902]


[0.48430321203995585, 0.35237112022485945, 0.17120730348883603, 0.23284928631033477, 0.20172307291925634, 0.17053151184522536, 0.16749066187870743, 0.12508913409041825, 0.13731406732731788, 0.1165755130285477, 0.10651424920151455, 0.12121345851646441, 0.08121322522082584]


[0.2544254390268919, 0.35337171805198175, 0.21630586444682737, 0.2260846459578344, 0.17221162230044, 0.20071718723362625, 0.12257518982253268, 0.1655661565154031, 0.11255529542958688, 0.12294658391277945, 0.10821893522050045, 0.09662464651102887, 0.10619017400753615]


[0.1834670432242163, 0.25147186952631606, 0.13457270768553414, 0.14954184813614435, 0.08675728368370353, 0.08866510174219318, 0.07240600571458755, 0.09445436732201906, 0.06235002231280291, 0.07695799741545403, 0.06967697802657455, 0.07227655025793296, 0.06344457373103568]


[0.44458134038797736, 0.361228978148911, 0.3051204104902083, 0.17358429482729398, 0.20404430273022622, 0.1454057709337471, 0.15969541425294523, 0.14115320214428345, 0.13548284296784077, 0.10928339779145499, 0.09394162720622565, 0.0974225681610313, 0.09445433199081175]

