Gun shots

MFCC Means
---------------------------------------------
[1.235258264841992, -0.8355243825016883, 0.4685488011849621, -0.2852886812330665, 0.2010772035965016, -0.005956829147452604, -0.05095282795970071, 0.005303498363513812, -0.11618500829547881, 0.03862216114932945, -0.04521493176662166, -0.013537803774568266, 0.03896388692279303]

[1.1244880836059938, -0.7698359669814276, 0.11514733882713206, -0.0676710677637864, -0.14477895410088895, -0.02979257827310628, 0.11418284191583038, -0.14497108690913535, 0.1521914309829581, -0.06282908483408392, -0.006048037501524903, 0.01924752554172188, 0.07532011094889915]


MFCC stdevs
---------------------------------------------
[0.5570137822191915, 0.7063134487054255, 0.3763702619923774, 0.250131921582457, 0.20596724766483482, 0.1731793694233052, 0.12941060713463984, 0.10445348590833632, 0.1348343824177446, 0.10899924799715144, 0.11067633191573935, 0.09117828266424244, 0.09280384887050723]

[0.7096172482119123, 0.45567613974156906, 0.28228472540360794, 0.27745438303554854, 0.41219455852125636, 0.2235022910801758, 0.16894426931144238, 0.14666899703803943, 0.20001968260912442, 0.16302716836159498, 0.11767349823362007, 0.10227922112623473, 0.14417728501433885]