Barking dogs

MFCC Means
---------------------------------------------
[0.6624633314701628, -0.518424673755341, 0.03049465604093786, -0.5068901242042074, -0.10777970006967401, -0.2169094049219387, 0.054098549908595216, -0.16974850271389963, 0.015628075803201535, -0.16237028330766784, 0.08196133116523463, -0.07525570327444911, 0.08070232323544818]

[0.8917050387018935, -0.5962793023281645, 0.494456819441154, -0.10035302403345549, -0.2380387180188472, 0.37387710471055147, -0.22671526442688228, 0.01200159870124702, 0.1943983259653399, -0.09823264756329923, 0.1510300749744005, 0.0032578713992298413, -0.033722084981743145]

[0.7039594411229094, -0.6607912986849745, 0.6305816473304264, -0.519502701212052, 0.5231501679309309, -0.329322816015263, 0.39107155220512935, -0.26907513189638477, 0.35700686073230314, -0.29143568991770363, 0.3277435516654991, -0.21465266682095646, 0.25874857592647554]

[0.6352141457536622, -0.0076175946121925095, -0.20944528308670554, -0.24605545111584598, -0.09061024366609596, -0.06690865197256259, -0.06562545134173418, -0.184401215625494, 0.002018414968586656, -0.04228416100035044, 0.01908205776566173, -0.06588713820588547, 0.01759354355580126]

[0.6497418954999291, -0.569893260918163, 0.33135384941230367, -0.6927581244203823, 0.1702062415393896, -0.47844115267230186, 0.23858199979271894, -0.3851459545718617, 0.2479204469414764, -0.3055503683284986, 0.2072634775532118, -0.2272982542736098, 0.2174007183307819]

[0.9941499842156609, -0.7064787398648562, 0.4124953620926403, -0.5724269312464719, 0.026317220195752472, -0.1145792066292978, -0.12562158866383458, 0.0806958541151374, -0.1152265767184113, -0.016628708910840236, -0.0009322886759534197, -0.0308006893507148, 0.1368726601073118]

[1.6742603196303742, -1.1505107584473562, -0.18234779223923314, 0.396618972493369, -0.5293224618210739, 0.07566171560011431, 0.3578302735196543, -0.2582714003664031, 0.11311450247398228, 0.26440793871165047, -0.20370437305924766, 0.14798644687539922, 0.1522564030015887]

[0.6129508106303169, -0.48013956724086654, 0.08234002130522736, -0.6019393666452564, 0.11390123744939429, -0.19898501872217003, 0.011530514506888814, -0.21549858509383132, 0.014524561637664067, -0.07876086530169439, 0.08888762996719922, -0.10749223044739285, 0.14726625255817438]

MFCC stdevs
---------------------------------------------
[0.2911257643398388, 0.1554603571260904, 0.16249128385266542, 0.22347865505368858, 0.1867573386866214, 0.10479719015685926, 0.09363078611191988, 0.09006344985264877, 0.07494952975600772, 0.06533364860673924, 0.07045080586952013, 0.07802650150198723, 0.06551619464723817]

[0.2626041905918048, 0.25949454345258766, 0.23283225824694698, 0.19889137258022138, 0.16375153419440902, 0.11274173508103973, 0.15542951749524833, 0.10778353183144873, 0.07651425693064134, 0.0934480254945815, 0.07324435337865645, 0.07503708461804567, 0.06146248959712588]

[0.19424928976917652, 0.2908801882856422, 0.2785900637411673, 0.23268979194100556, 0.16467904631040048, 0.14522888953690546, 0.14691511570882831, 0.11146071873546319, 0.10489696962574767, 0.09971937616878943, 0.09645281540433087, 0.11468782629259484, 0.08986729388314182]

[0.3345262906658461, 0.2989328247624581, 0.20813219015782602, 0.252823207085777, 0.13203483610367173, 0.12456733851601892, 0.12991209141614057, 0.15251502804466607, 0.09544834164945437, 0.09028193160384226, 0.09037326908024061, 0.0834346409517952, 0.0731368175888524]

[0.23783018975032869, 0.18716662503358142, 0.1489573158012321, 0.23262400931787525, 0.15603648215407936, 0.12004408252798889, 0.09098261641336587, 0.09562522734112879, 0.07903774652996791, 0.08728905852626402, 0.07603158280115428, 0.07625754844156232, 0.07257099566477627]

[0.2350585962256112, 0.2615288200062303, 0.2352023820346389, 0.1859811448141901, 0.14382821715301955, 0.1423878591669666, 0.145820876308062, 0.10617064958707005, 0.09471343855874836, 0.10359759163122707, 0.09854468810251991, 0.08750276890974008, 0.07944566572592385]

[0.1756742094116656, 0.3339189243502624, 0.25860236588686364, 0.17431782495105028, 0.1505613798698397, 0.10870611934452484, 0.10202890854643526, 0.10991366744001721, 0.0907913928793305, 0.08557266583466668, 0.10413223440740302, 0.07062768849924315, 0.06810343455259675]

[0.24973320926918322, 0.22245778071903624, 0.25554331001091324, 0.18366037052770715, 0.15690278793632959, 0.1063419018661837, 0.11108746530620035, 0.15807249705979334, 0.10579113949739441, 0.10158619640064713, 0.0841860209704211, 0.08882684724483805, 0.08284323493044533]


