Room noise

MFCC Means
---------------
[0.6112731486398983, -0.21854974176011616, 0.44586505146263006, -0.2862649512008394, 0.2158110044236992, -0.22104029534888237, 0.15899273661817734, -0.1784248053815279, 0.07103982668681141, -0.15213012949393823, 0.09759695236116285, -0.13826934681251346, 0.05070438291236205]

[0.5718999492387611, -0.20353207230131995, 0.4546139470770532, -0.2780091481124784, 0.25094123989812606, -0.21178479814300882, 0.1622237748117599, -0.16532823167008956, 0.06989232576709692, -0.14506108823908553, 0.08865759021624038, -0.12284858610166455, 0.052143621219611885]

[0.5885465550761093, -0.18473429030592098, 0.45375185752455643, -0.2962403990942138, 0.22401190167677526, -0.217560443573393, 0.15983551638069335, -0.1691141007279917, 0.08259350130282028, -0.1519267234048112, 0.09607984479930011, -0.13082331419602233, 0.043955419125761994]

[0.6352642757047032, -0.33271531023135487, 0.43730698072437446, -0.2909106662583982, 0.2316608195658755, -0.22788089772272957, 0.1589793321070584, -0.18868293959276977, 0.08310570726156438, -0.1548583593840497, 0.10335138023672476, -0.14225341054652585, 0.06793888398379226]

[0.597200745116391, -0.028338170617711208, 0.3758293712446483, -0.19325845728630053, 0.13553617309340923, -0.17018585966627284, 0.10164129315587159, -0.09287442348951698, 0.015608168351861003, -0.11019002270580802, 0.060139640155623064, -0.10487051486390563, 0.004394232516452387]

[0.5842657449823213, -0.2605137015113072, 0.45329014599625206, -0.28639044176846146, 0.22922749210563148, -0.23728690086890514, 0.15249689980704442, -0.16934935132810167, 0.07134192843941949, -0.1446081159544216, 0.09326590723397299, -0.11652237877931997, 0.04968494236012511]

[0.6023919017526502, -0.27614044382585723, 0.502383655015875, -0.30034113642399485, 0.2624614463602745, -0.24336901235246777, 0.187336547927941, -0.18996170065960372, 0.09036482274808699, -0.16802475455308352, 0.1196018482136319, -0.13600512269330328, 0.07539721391744378]

[0.02254483825219215, -0.1790508681023822, 0.45035153094877645, -0.15275674488208058, 0.1753207654850981, -0.12986529960029183, 0.06825411226611813, -0.12638904278667104, -0.017286346886115363, -0.06532551693698763, 0.011873073769575172, -0.06304768553552172, -0.028539274143192662]


MFCC stdevs
---------------
[0.21577432278565237, 0.30452065105346615, 0.18713526008478737, 0.15156122765494565, 0.14806061441239213, 0.13417199166112637, 0.1251279074808196, 0.12215107573184812, 0.11274681510079383, 0.10903809981526796, 0.09981820397506458, 0.09867372655039061, 0.09314130717456241]

[0.19952181731441665, 0.2248581831739737, 0.18166434166342155, 0.14099246534973747, 0.1480482305164194, 0.11207287283865847, 0.1112149619469776, 0.11189487172380214, 0.10164943859020191, 0.09401488016951766, 0.09244361611727082, 0.08808503927684781, 0.08524759938461272]

[0.1782010030597439, 0.24457886435239581, 0.16713213768572488, 0.1502301206477662, 0.14205267559485546, 0.13203310010501584, 0.12628460894864332, 0.11857734029204652, 0.11364011581789746, 0.10227607715097137, 0.09845607570417096, 0.09192425578292891, 0.09355213323685657]

[0.25941811227853157, 0.4025381139388649, 0.21820333556043162, 0.1693512488155878, 0.15429091132934702, 0.13008341877548427, 0.13143002387333416, 0.12484829888579219, 0.1135037981947378, 0.10984760129313338, 0.09901970720390045, 0.0971945906127912, 0.10125475788861737]

[0.0706291146763895, 0.16816250356889162, 0.08279900257362503, 0.08461789469234786, 0.09390520748990866, 0.075438901308074, 0.0762474147814225, 0.07154351233472983, 0.0671702741201094, 0.06609486570858994, 0.059960854049921755, 0.059879381156252916, 0.05923871755720034]

[0.20880017791996322, 0.3989392666956897, 0.2006666813166743, 0.1813326794588936, 0.16057072914866832, 0.1366496005773809, 0.12560763289105312, 0.12405225332601, 0.12071872224266071, 0.12378580332908423, 0.1010208513071641, 0.09643499865777727, 0.09168394231395999]

[0.22196086225033881, 0.2834514821205766, 0.2524591002612218, 0.15603132647090162, 0.1637186193226799, 0.13217614755586754, 0.14058030316722941, 0.12456521431511342, 0.12611317575857103, 0.12028731146678419, 0.12147275004816144, 0.0994060356231775, 0.10546920070684021]

[0.14929946409636957, 0.14737521300184409, 0.1236464298917858, 0.12552490456803417, 0.09743126422573578, 0.08574811092896766, 0.08149714039895246, 0.07672171492863407, 0.07140652423860624, 0.06773813708519771, 0.06566224334975918, 0.056854245753280006, 0.05662176631499944]
