Breaking glass noise

MFCC Means
-------------------------------
[-0.11422680043860485, -1.0003553817146702, 0.6083650855641616, -0.49807462096214294, 0.6031261635454077, -0.4865856437306655, 0.43597230158354106, -0.4497378170490265, 0.36476695067004156, -0.3722508259509739, 0.3400744278179972, -0.2948193785391356, 0.3368592724988335]

[0.02600497217514576, -0.8911764338994638, 0.599153757859499, -0.4511484333719963, 0.524890423585207, -0.49859219331007737, 0.3977944900592168, -0.41110137066779995, 0.43672818480393827, -0.33254797947712433, 0.34643922707973385, -0.3091676284869512, 0.2957596209568855]

[0.04091342316291381, -0.8103647811359819, 0.5514221891216745, -0.47100253951570625, 0.5152870923719312, -0.41467400268327453, 0.4287825266590506, -0.381219943985343, 0.3707541007898684, -0.32135495715726015, 0.30908143042601316, -0.25621201870860616, 0.26387946926395306]

[0.26591476285241916, -0.5960946522033626, 0.6296449742753334, -0.38837008488288666, 0.49271642539241434, -0.3317741347656994, 0.461755436698156, -0.32347359737138326, 0.3730763362170665, -0.2773312833356492, 0.3213403942681523, -0.22823954414110806, 0.27072603877024165]

[0.41507985151873933, -0.843308631727438, 0.5705985352396965, -0.5636093934060926, 0.47064662206555297, -0.4778535818004826, 0.391563979296758, -0.43005353465494955, 0.3528150844691854, -0.36920420821986594, 0.3077000836462999, -0.2932801792893037, 0.26860130557216116]

[0.2703595187925898, -0.813554962943582, 0.5662085973712452, -0.5811079590745708, 0.48763870221069633, -0.5039224713383352, 0.4159635328604696, -0.4560036900727188, 0.38601456523790734, -0.37639756935155566, 0.32672921973554525, -0.3142624922514455, 0.2908100558883127]

[-0.1630352866583659, -0.719914741096242, 0.6154877030833935, -0.29486031900160015, 0.4847880161833018, -0.29058526959852315, 0.4501499134009161, -0.22791689702717122, 0.3080028309001743, -0.2995976178372075, 0.3068125318483605, -0.13919355650432408, 0.24376633410186818]


MFCC stdevs
-------------------------------
[0.21602226384629425, 0.17450036927177154, 0.1235278976624939, 0.09821087062519299, 0.09345669632471997, 0.06997098288819602, 0.065454639407532, 0.07118094507843505, 0.06934962623026093, 0.07723491200944572, 0.0729005995285483, 0.05213705658088079, 0.06392662832296973]

[0.22494582007420458, 0.27998571880678863, 0.12370334124034105, 0.13682586707187497, 0.1404381203431837, 0.14734767085893855, 0.10630191039660015, 0.10008682469897538, 0.10150814409911126, 0.08693882744465724, 0.10536469611735405, 0.08710753716008272, 0.06821842900539668]

[0.32553163665638196, 0.32416164980834294, 0.18979355960855218, 0.15836496009599935, 0.14812086483031559, 0.12861371618060047, 0.13370236796993598, 0.11306672505561695, 0.10953956504369859, 0.10259384660715203, 0.0974682540914003, 0.0972164264640021, 0.08813626987510823]

[0.3249267925737415, 0.40714471041961453, 0.20713442052052328, 0.24836678768487083, 0.19432749689759218, 0.15514183144712232, 0.17587156285565436, 0.1508026317774696, 0.14817023556836495, 0.12901073516632405, 0.12922343672634465, 0.11060108697250477, 0.11680238570762144]

[0.2738941660800581, 0.27441196673913004, 0.1763538191074861, 0.17536321920946674, 0.13182194545096856, 0.11555113515916096, 0.11993945677141757, 0.11110153778983756, 0.09312636613033304, 0.1020648467786438, 0.08942523391888607, 0.08918671027393421, 0.0812967436017178]

[0.22942489899603222, 0.1625212998082805, 0.12258007035086947, 0.11733307322680847, 0.10576551809212145, 0.08876993252838947, 0.08984647305301749, 0.08168001610698955, 0.07914271955861597, 0.07397659995174012, 0.06943160424756165, 0.06739897665307426, 0.06908130318425111]

[0.225148204424721, 0.40079594948319414, 0.24638115072554048, 0.20946399072178118, 0.22731208257064137, 0.15334872432376395, 0.2115691231310301, 0.14962631862372963, 0.1608536387966008, 0.1514595183012085, 0.15125499356918795, 0.11648293368527496, 0.15250419368446083]